8
1
0
1
1
2
4 3
5 3
2
0
2
3 3
3 2
3
1
2
3 2
2 1
4
0
2
4 4
5 4
5
1
2
3 3
2 3
6
0
4
4 3
3 2
2 1
1 0
7
1
3
3 4
4 4
3 5
8
0
3
4 4
3 4
2 4
9
1
2
3 4
4 5
10
0
2
5 3
5 2
11
1
2
4 4
5 5
12
0
2
3 4
2 5
13
1
2
5 4
6 4
14
0
5
5 4
3 5
4 5
5 5
6 5
15
1
3
4 3
5 3
6 3
16
0
5
4 4
5 3
6 4
6 3
6 2
17
1
2
5 2
6 1
18
0
2
5 2
4 1
19
1
2
3 2
3 1
20
0
2
6 1
6 0
21
1
2
1 0
0 1
22
0
3
0 1
2 3
1 2
23
1
2
2 4
1 5
24
0
2
2 4
1 3
25
1
3
5 4
6 5
7 6
26
0
2
1 5
0 5
27
1
2
4 1
5 0
28
0
2
5 0
4 0
29
1
2
5 5
5 6
30
0
4
3 3
4 1
4 3
4 2
31
1
5
2 3
4 4
3 4
2 4
1 4
32
0
3
5 5
6 5
7 5
33
1
3
3 5
4 5
4 6
34
0
2
7 6
7 7
35
1
2
5 5
6 6
36
0
2
1 4
0 3
37
1
3
6 4
6 5
7 4
38
0
5
2 4
2 3
3 1
3 2
2 2
39
1
4
4 3
5 2
6 1
7 0
40
0
8
3 4
3 5
5 4
4 5
6 6
5 6
4 6
3 6
41
1
2
4 0
5 1
42
0
4
5 5
6 4
7 4
7 3
43
1
2
4 1
3 0
44
0
5
4 1
5 1
6 1
7 0
7 1
45
1
2
3 5
2 6
46
0
3
4 0
3 0
2 0
47
1
2
6 6
6 7
48
0
3
6 6
6 7
5 7
49
1
2
6 2
7 2
50
0
2
1 0
0 0
51
1
4
2 0
3 3
2 2
1 1
52
0
2
2 6
1 6
53
1
7
1 2
1 3
1 4
1 5
1 6
2 6
1 7
54
0
4
1 5
2 6
1 6
0 6
55
1
9
2 3
2 4
2 5
2 6
6 3
5 4
4 5
3 6
2 7
56
0
4
2 6
3 5
3 6
3 7
