6
1
0
1
1
2
3 2
4 2
2
0
2
2 2
2 1
3
1
2
2 1
1 0
4
0
3
3 2
4 2
5 2
5
1
2
3 2
3 1
6
0
2
1 0
1 1
7
1
2
4 2
5 1
8
0
2
2 1
2 0
9
1
2
5 2
5 3
10
0
3
3 1
3 2
4 1
11
1
2
2 3
1 3
12
0
2
2 3
2 4
13
1
3
3 2
2 2
1 2
14
0
2
1 3
0 2
15
1
3
2 3
1 3
0 3
16
0
3
3 2
3 3
3 4
17
1
3
3 3
2 4
1 5
18
0
4
0 3
2 2
1 3
0 4
19
1
2
3 4
4 5
20
0
6
2 3
3 3
4 2
5 2
5 3
4 3
21
1
3
5 2
5 3
5 4
22
0
2
5 1
4 0
23
1
6
2 1
3 3
3 2
3 1
4 1
3 0
24
0
2
1 2
0 1
25
1
3
0 4
2 3
1 4
26
0
2
0 4
0 5
27
1
3
4 2
4 3
4 4
28
0
6
3 3
4 4
5 2
5 3
5 4
5 5
29
1
2
4 0
5 0
30
0
7
1 4
1 5
2 3
2 4
4 3
3 4
2 5
