8
2
0
1
1
2
4 3
4 2
2
0
2
4 3
5 2
3
1
2
5 2
6 2
4
0
2
4 4
5 4
5
1
2
4 4
5 5
6
0
2
4 4
4 5
7
1
4
4 3
4 4
4 5
4 6
8
0
2
4 5
3 6
9
1
3
3 4
4 5
3 5
10
0
3
4 4
3 4
2 4
11
1
2
3 4
2 5
12
0
3
2 5
3 5
2 6
13
1
3
3 5
3 6
3 7
14
0
3
3 5
4 6
5 7
15
1
2
4 6
5 6
16
0
3
4 5
5 5
6 5
17
1
3
4 5
5 4
6 3
18
0
2
5 4
6 4
19
1
5
4 4
5 5
6 4
6 5
6 6
20
0
6
6 5
3 6
4 6
5 6
6 6
7 6
21
1
2
3 6
2 7
22
0
2
2 7
1 6
23
1
4
3 5
2 6
2 7
1 7
24
0
3
4 5
3 4
2 3
25
1
4
2 5
2 4
2 3
2 2
26
0
2
2 4
1 4
27
1
2
1 4
0 3
28
0
3
2 3
2 2
2 1
29
1
2
6 5
7 5
30
0
3
3 3
4 2
5 1
31
1
2
4 2
4 1
32
0
2
4 1
3 1
33
1
4
2 3
3 4
3 3
3 2
34
0
3
4 2
5 2
5 3
35
1
2
5 2
6 1
36
0
6
6 5
6 4
6 3
6 2
6 1
6 0
37
1
3
4 1
5 1
5 0
38
0
4
4 1
5 0
5 1
4 0
39
1
3
3 1
4 1
3 0
40
0
3
3 0
3 1
2 0
41
1
4
3 1
2 1
2 2
1 1
42
0
6
2 1
3 2
2 2
3 4
2 3
1 2
43
1
5
1 2
2 2
2 3
2 4
1 3
44
0
5
3 3
2 4
3 5
2 5
1 5
45
1
6
4 5
3 5
2 5
1 5
1 6
0 5
46
0
5
3 1
2 2
1 3
1 4
0 4
47
1
3
2 4
1 3
0 2
48
0
6
0 3
0 2
1 1
2 3
1 2
0 1
49
1
2
6 1
7 0
50
0
3
6 1
7 0
7 1
51
1
4
6 2
5 4
6 3
7 2
52
0
4
6 2
6 3
7 2
7 3
53
1
3
6 6
7 6
7 7
54
0
4
7 7
7 6
7 5
7 4
